adrd-01       0.00000      -0.672000            97            78            59         3674.6933         4569.6701         6040.9212
adrd-02     -0.200000      -0.672000            97            78            59         3670.1303         4563.9933         6033.4147
adrd-03      0.199900      -0.672000            96            77            59         3717.5289         4634.6960         6048.3486
adrd-04       0.00000      -0.519500            92            74            57         3874.4278         4816.6989         6252.9169
adrd-05     -0.200000      -0.519500            92            74            57         3869.6193         4810.7185         6245.1501
adrd-06      0.199900      -0.519500            93            75            57         3837.4886         4758.3280         6260.6061
adrd-07       0.00000      -0.349000            87            71            55         4097.1062         5020.2349         6480.3072
adrd-08     -0.200000      -0.349000            87            71            55         4092.0187         5014.0017         6472.2577
adrd-09      0.199900      -0.349000            87            71            55         4102.1420         5026.4070         6488.2758
adrd-10     -0.400000      -0.349000            87            71            55         4086.8821         5007.7074         6464.1325
adrd-11      0.400000      -0.349000            88            71            55         4060.4675         5032.5198         6496.1717
adrd-12       0.00000      -0.160000            82            67            53         4346.9519         5319.9698         6724.8837
adrd-13     -0.200000      -0.160000            82            67            53         4341.5545         5313.3630         6716.5296
adrd-14      0.199900      -0.160000            82            67            53         4352.2938         5326.5080         6733.1528
adrd-15     -0.399900      -0.160000            82            67            53         4336.1063         5306.6945         6708.0968
adrd-16      0.400000      -0.160000            83            68            53         4305.0964         5254.5774         6741.3489
adrd-17       0.00000      0.0600000            77            64            51         4629.2307         5569.3546         6988.6205
adrd-18     -0.200000      0.0600000            77            64            51         4623.4844         5562.4433         6979.9375
adrd-19      0.199900      0.0600000            77            64            51         4634.9220         5576.2049         6997.2162
adrd-20     -0.400000      0.0600000            77            64            51         4617.6826         5555.4626         6971.1753
adrd-21      0.400000      0.0600000            77            64            51         4640.5592         5582.9876         7005.7314
adrd-22       0.00000       0.300000            72            60            49         4950.7452         5940.6874         7273.9391
adrd-23     -0.200000       0.300000            72            60            49         4944.5983         5933.3092         7264.9033
adrd-24      0.200000       0.300000            72            60            49         4956.8326         5947.9926         7282.8880
adrd-25     -0.400000       0.300000            72            60            49         4938.3948         5925.8626         7255.7837
adrd-26      0.399900       0.300000            72            60            49         4962.8562         5955.2220         7291.7439
adrd-27       0.00000       0.580500            67            57            47         5320.2303         6253.4064         7583.5508
adrd-28     -0.200000       0.580500            67            56            46         5313.6274         6357.1513         7738.7429
adrd-29      0.199900       0.580500            67            57            47         5326.7688         6261.0967         7592.8874
adrd-30     -0.399900       0.580500            67            56            46         5306.9589         6349.1736         7729.0302
adrd-31      0.399900       0.580500            67            57            47         5333.2454         6268.7097         7602.1170
adrd-32     -0.600000       0.580500            67            56            46         5300.2225         6341.1113         7719.2119
adrd-33      0.600000       0.580500            68            57            47         5261.1413         6276.2481         7611.2610
adrd-34       0.00000       0.899500            62            53            44         5749.3432         6725.4135         8100.6399
adrd-35     -0.200000       0.899500            62            53            44         5742.2070         6717.0648         8090.5800
adrd-36      0.200000       0.899500            62            53            44         5756.4088         6733.6809         8110.6031
adrd-37     -0.400000       0.899500            62            53            44         5735.0004         6708.6308         8080.4202
adrd-38      0.400000       0.899500            62            53            44         5763.4064         6741.8684         8120.4725
adrd-39     -0.600000       0.900000            62            53            44         5727.7224         6700.1152         8070.1604
adrd-40      0.600000       0.900000            63            53            44         5678.7510         6749.9720         8130.2373
adrd-41       0.00000        1.27950            57            49            42         6253.7376         7274.4942         8486.5185
adrd-42     -0.200000        1.27950            57            49            42         6245.9748         7265.4627         8475.9795
adrd-43      0.199900        1.27950            57            49            42         6261.4238         7283.4334         8496.9524
adrd-44     -0.400000        1.27950            57            49            42         6238.1378         7256.3444         8465.3410
adrd-45      0.400000        1.27950            57            49            42         6269.0354         7292.2924         8507.2872
adrd-46     -0.600000        1.27950            57            49            41         6230.2181         7247.1317         8660.7102
adrd-47      0.600000        1.27950            57            49            42         6276.5685         7301.0565         8517.5157
adrd-48     -0.800000        1.27950            57            49            41         6222.2308         7237.8365         8649.6014
adrd-49      0.800000        1.27950            57            49            42         6284.0245         7309.7294         8527.6350
adrd-50       0.00000        1.63900            53            46            40         6725.7752         7748.9843         8910.9419
adrd-51     -0.200000        1.63900            53            46            39         6717.4268         7739.3639         9127.9836
adrd-52      0.200000        1.63900            53            46            40         6734.0399         7758.5093         8921.8974
adrd-53     -0.400000        1.63900            53            46            39         6709.0007         7729.6563         9116.5313
adrd-54      0.400000        1.63900            53            46            40         6742.2275         7767.9417         8932.7505
adrd-55     -0.600000        1.63900            53            46            39         6700.4877         7719.8450         9104.9642
adrd-56      0.600100        1.63900            53            46            40         6750.3312         7777.2812         8943.4940
adrd-57     -0.800000        1.63900            53            46            39         6691.8979         7709.9437         9093.2767
adrd-58      0.800000        1.63900            53            46            40         6758.3473         7786.5175         8954.1183
adrd-59       0.00000        1.93850            50            44            39         7129.3782         8101.2894         9379.9882
adrd-60     -0.200000        1.93850            50            44            39         7120.5302         8091.2313         9368.3368
adrd-61      0.199900        1.93850            50            44            39         7138.1359         8111.2413         9391.5147
adrd-62     -0.400000        1.93850            50            44            39         7111.5982         8081.0813         9356.5853
adrd-63      0.400000        1.93850            50            44            39         7146.8133         8121.1045         9402.9390
adrd-64     -0.600000        1.93850            50            44            39         7102.5710         8070.8230         9344.7004
adrd-65      0.600000        1.93850            50            44            39         7155.4027         8130.8669         9414.2406
adrd-66     -0.800000        1.93850            50            44            39         7093.4616         8060.4690         9332.7117
adrd-67      0.800000        1.93850            50            44            39         7163.8993         8140.5228         9425.4276
adrd-68      -1.00000        1.93850            50            44            39         7084.2647         8050.0159         9320.6064
adrd-69       1.00000        1.93850            50            44            39         7172.2863         8150.0565         9436.4651
adrd-70       0.00000        2.28800            47            41            39         7584.5134         8694.1005         9900.7938
adrd-71     -0.200000        2.28800            47            41            39         7575.0980         8683.3064         9888.4834
adrd-72      0.199900        2.28800            47            41            39         7593.8305         8704.7842         9912.9581
adrd-73     -0.399900        2.28800            47            41            39         7565.5993         8672.4170         9876.0852
adrd-74      0.400000        2.28800            47            41            39         7603.0586         8715.3653         9918.5745
adrd-75     -0.600000        2.28800            47            41            39         7555.9989         8661.4055         9863.5328
adrd-76      0.600000        2.28800            47            41            39         7612.1947         8725.8384         9936.9481
adrd-77     -0.799900        2.28800            47            41            39         7546.3121         8650.3023         9851.2569
adrd-78      0.800000        2.28800            47            41            39         7621.2357         8736.2035         9948.7651
adrd-79      -1.00000        2.28800            47            41            39         7536.5238         8639.0815         9838.4855
adrd-80       1.00000        2.28800            47            41            39         7630.1784         8746.4579         9960.4391
