adrd97-01      0.220100      -0.576000            94            76            58         3797.7947         4697.1241         6154.5113
adrd97-02      0.220100      -0.576000            94            76            58         3797.7947         4697.1241         6154.5113
adrd97-03     -0.220000      -0.585500            94            76            58         3787.4752         4684.3641         6137.7834
adrd97-04     -0.220000      -0.585500            94            76            58         3787.4752         4684.3641         6137.7834
adrd97-05     -0.300000      -0.469500            90            73            56         3953.9286         4874.5443         6353.9526
adrd97-06     -0.300000      -0.469500            90            73            56         3953.9286         4874.5443         6353.9526
adrd97-07     -0.219900      -0.638500            96            77            58         3708.6420         4623.6149         6137.8838
adrd97-08     -0.219900      -0.638500            96            77            58         3708.6420         4623.6149         6137.8838
adrd97-09      0.300000      -0.469500            91            73            56         3924.9630         4892.5975         6377.4984
adrd97-10      0.300000      -0.469500            91            73            56         3924.9630         4892.5975         6377.4984
adrd97-11      0.219900      -0.638500            96            77            58         3718.6833         4636.1356         6154.5131
adrd97-12      0.219900      -0.638500            96            77            58         3718.6833         4636.1356         6154.5131
adrd97-13     -0.250000      -0.675000            97            78            59         3669.5102         4563.2204         6032.3829
adrd97-14     -0.250000      -0.675000            97            78            59         3669.5102         4563.2204         6032.3829
adrd97-15      0.250100      -0.661500            97            78            59         3680.8401         4577.3157         6051.0316
adrd97-16      0.250100      -0.661500            97            78            59         3680.8401         4577.3157         6051.0316
adrd97-17     0.0848000      0.0305000            78            64            51         4572.9098         5573.0342         6993.2354
adrd97-18     0.0848000      0.0305000            78            64            51         4572.9098         5573.0342         6993.2354
adrd97-19      -1.14570        1.39700            55            48            41         6434.9381         7373.1084         8631.4983
adrd97-20      -1.14570        1.39700            55            48            41         6434.9381         7373.1084         8631.4983
adrd97-21     -0.879800        1.50750            54            47            40         6565.5161         7543.0883         8862.6673
adrd97-22     -0.879800        1.50750            54            47            40         6565.5161         7543.0883         8862.6673
adrd97-23      0.879900        1.56750            54            47            40         6637.1433         7625.3983         8959.4099
adrd97-24      0.879900        1.56750            54            47            40         6637.1433         7625.3983         8959.4099
adrd97-25      0.577000       0.473000            69            58            48         5185.0061         6168.1599         7452.8380
adrd97-26     -0.394200      -0.231000            84            69            54         4233.7586         5153.9819         6585.2790
adrd97-27      0.370000      -0.212500            84            69            54         4253.7992         5178.3807         6616.4692
adrd97-28      0.106700      0.0315000            78            64            51         4573.7269         5574.0372         6994.5014
adrd97-29      -1.12580        1.34900            56            48            41         6321.1345         7374.3715         8632.9852
adrd97-30     -0.256700      -0.631000            95            76            58         3746.8386         4683.3971         6136.5194
adrd97-31      0.291100      -0.619500            95            76            58         3759.5021         4699.2298         6157.2790
adrd97-32     -0.553400       0.281000            72            60            49         4934.6168         5921.3319         7250.2405
adrd97-33     -0.686700      -0.379000            87            71            55         4080.2838         4999.6237         6453.6974
adrd97-34     -0.820600        1.38350            55            48            41         6448.9769         7389.1988         8650.3447
adrd97-35     -0.820600        1.38350            55            48            41         6448.9769         7389.1988         8650.3447
adrd97-36      0.544100       0.318000            72            60            49         4968.1793         5961.6157         7299.5827
adrd97-37      0.902000        1.44200            55            48            41         6517.6892         7467.9537         8742.5927
adrd97-38      0.902000        1.44200            55            48            41         6517.6892         7467.9537         8742.5927
adrd97-39      0.150200      -0.749500           100            80            60         3568.4216         4460.3940         5946.8620
adrd97-40      0.150200      -0.749500           100            80            60         3568.4216         4460.3940         5946.8620
adrd97-41      0.250000      -0.418500            89            72            56         4011.9634         4959.0755         6375.6175
adrd97-42      0.250000      -0.418500            89            72            56         4011.9634         4959.0755         6375.6175
adrd97-43      0.369900        1.06550            60            51            43         5955.6061         7006.3448         8309.4501
adrd97-44      0.369900        1.06550            60            51            43         5955.6061         7006.3448         8309.4501
adrd97-45      0.500000       0.299000            72            60            49         4966.7902         5959.9446         7297.5325
adrd97-46      0.500000       0.299000            72            60            49         4966.7902         5959.9446         7297.5325
adrd97-47      0.690000       0.788500            64            54            45         5594.0413         6629.7442         7955.3043
adrd97-48      0.690000       0.788500            64            54            45         5594.0413         6629.7442         7955.3043
adrd97-49     -0.149900      -0.749000           100            80            60         3561.8190         4452.1390         5935.8502
adrd97-50     -0.149900      -0.749000           100            80            60         3561.8190         4452.1390         5935.8502
adrd97-51     -0.279900      -0.680000            97            78            59         3669.0195         4562.6215         6031.6167
adrd97-52     -0.279900      -0.680500            97            78            59         3669.0195         4562.6215         6031.6167
adrd97-53     -0.480000       0.271000            72            60            49         4936.8838         5924.0563         7253.5854
adrd97-54     -0.480000       0.271000            72            60            49         4936.8838         5924.0563         7253.5854
adrd97-55     -0.690000       0.749500            64            54            45         5546.6468         6573.5628         7887.8708
adrd97-56     -0.690100       0.749500            64            54            45         5546.6468         6573.5628         7887.8708
adrd97-57     -0.338700      -0.379500            88            71            55         4042.8512         5010.6926         6468.0029
adrd97-58      0.357400      -0.380500            88            72            56         4060.2856         4962.4250         6379.9322
adrd97-59     -0.183000      -0.833000           103            82            61         3457.2438         4342.5066         5837.1450
adrd97-60     -0.183000      -0.833000           103            82            61         3457.2438         4342.5066         5837.1450
adrd97-61     0.0373000      -0.871000           105            83            62         3396.0204         4296.0453         5750.8517
adrd97-62     0.0373000      -0.871000           105            83            62         3396.0204         4296.0453         5750.8517
adrd97-63      0.288100      -0.919000           107            84            62         3337.7625         4251.5506         5759.8544
adrd97-64      0.288100      -0.919000           107            84            62         3337.7625         4251.5506         5759.8544
adrd97-65       0.00000        1.73200            52            45            39         6856.2016         7922.4366         9140.8704
adrd97-66      -1.03200       0.809000            63            53            44         5621.9984         6682.4982         8048.9515
adrd97-67       1.03210       0.809000            64            54            45         5605.0965         6642.8557         7971.0607
adrd97-68       1.03210        2.70350            44            39            39         8153.2421         9198.2171         10241.990
adrd97-69      0.310200       0.608500            67            56            46         5330.9855         6377.9108         7764.0144
adrd97-70      0.310200       0.608500            67            56            46         5330.9855         6377.9108         7764.0144
adrd97-71    -0.0562000      -0.517500            92            74            57         3873.5141         4815.5579         6251.4360
adrd97-72    -0.0562000      -0.517500            92            74            57         3873.5141         4815.5579         6251.4360
adrd97-73  -0.000100000      -0.834000           103            82            61         3460.9154         4347.1163         5843.3266
adrd97-74  -0.000100000      -0.834000           103            82            61         3460.9154         4347.1163         5843.3266
adrd97-75  -0.000100000      -0.835500           103            82            61         3460.8399         4347.0184         5843.1971
adrd97-76  -0.000100000      -0.835500           103            82            61         3460.8399         4347.0184         5843.1971
