aduv-01       0.00000        1.72000            84            73            62         4243.1207         4882.2064         5747.9236
aduv-02     -0.200000        1.72000            84            73            62         4237.8380         4876.1277         5740.7612
aduv-03      0.199900        1.72000            84            73            62         4248.3486         4888.2232         5755.0114
aduv-04     -0.399900        1.72000            84            73            62         4232.5069         4869.9905         5733.5324
aduv-05      0.400000        1.72000            84            73            62         4253.5269         4894.1849         5762.0346
aduv-06       0.00000        2.08900            78            68            59         4569.4789         5241.1318         6040.1579
aduv-07     -0.199900        2.08900            78            68            59         4563.7936         5234.6105         6032.6359
aduv-08      0.199900        2.08900            78            68            59         4575.1076         5247.5936         6047.6078
aduv-09     -0.399900        2.08900            78            68            59         4558.0480         5228.0179         6025.0359
aduv-10      0.400000        2.08900            78            68            59         4580.6852         5253.9932         6054.9906
aduv-11       0.00000        1.38850            90            77            65         3960.2664         4628.5949         5482.6523
aduv-12     -0.200000        1.38850            90            77            65         3955.3352         4622.8321         5475.8210
aduv-13      0.199900        1.38850            90            77            65         3965.1451         4634.2995         5489.4139
aduv-14       0.00000        1.09000            96            82            68         3712.7648         4346.3973         5240.7907
aduv-15     -0.200000        1.09000            96            82            68         3708.1438         4340.9869         5234.2630
aduv-16      0.200000        1.09000            96            82            68         3717.3391         4351.7563         5247.2570
aduv-17       0.00000       0.829500           102            86            71         3494.3780         4144.2517         5019.3720
aduv-18     -0.200000       0.829500           101            86            71         3524.5746         4139.0912         5013.1185
aduv-19      0.199900       0.829500           102            86            71         3498.6887         4149.3577         5025.5603
aduv-20       0.00000       0.589000           108            91            74         3300.2614         3916.5687         4815.9037
aduv-21     -0.200000       0.589000           107            90            74         3326.9461         3955.1416         4809.9057
aduv-22      0.199900       0.589000           108            91            74         3304.3279         3921.3962         4821.8428
aduv-23       0.00000       0.370500           111            95            77         3126.5713         3751.6669         4628.2913
aduv-24       0.00000       0.370500           111            95            77         3126.5612         3751.6664         4628.2902
aduv-25       0.00000       0.370500           111            95            77         3126.5603         3751.6648         4628.2902
