4046.56   
 4077.83   
 4108.05   
 4339.22   
 4347.49   
 4358.33   
4031.3783
4033.8093
4035.46
4038.8043
4042.8937
4044.4179
4045.6773
4045.9654
4047.4815
4052.9208
4054.5258
4062.641
4063.238
4070.7835
4072.0047
4072.3849
4076.6284
4076.9432
4079.5738
4082.3872
4099.4563
4103.9121
4112.8153
4116.3753
4128.64
4129.6823
4131.7235
4144.2435
4156.086
4158.5905
4164.1795
4168.9682
4178.3658
4179.2973
4181.8836
4189.6511
4190.7129
4191.0294
4198.317
4199.8891
4200.6745
4201.5549
4201.9715
4203.4109
4216.254  ArII
4217.4308
4218.6649
4222.6373
4226.6089
4226.9876
4228.158
4229.8696
4237.2198
4240.826 ArI
4248.956
4251.1846
4255.6034
4259.3619
4266.2864
4266.5271
4272.1689
4277.5282
4282.8976
4297.9645
4300.1008
4300.6495
4309.2392
4331.1995
4332.0297
4333.5612
4335.3379
4337.0708
4338.2314
4345.168
4345.8966
4348.064
4352.2049
4362.0662
4363.7945
4367.8316
4370.7532
4371.329
4372.49
4374.8579
4375.9542
4379.6668
4382.928
4383.7535
4385.0566
4386.9656
4397.7971
4400.0968
4400.9863
4401.755
4404.9022
4406.4704
4420.9124
4423.9944
4426.0011
4430.189
4430.9963
4433.838
4438.1175
4439.4614
4439.8793
4440.1216
4445.8483
4448.4597
4448.8792
4449.5206
4460.5574
4471.3762 ArII
4474.7594
4480.35
4481.8107
4490.9816
4498.5384
4502.9268
4507.8339
4509.374
4510.7332
4522.323
4530.5523
4530.785
4535.4903
4537.6426
4543.8692
4545.0519
4547.7589
4554.3240 ArI
4561.0128
4563.7429
4564.4054
4579.3495
4589.8978
4596.0967
4598.7627
4609.5673
4628.4409
4637.2328
4647.970  ArII
4651.124
4657.9012
4682.2759