5118.2023
5125.7654
5141.7827
5145.3083
5151.3907
5162.2846
5165.7728
5176.2292
5177.535  ArI
5187.7462
5208.0700 ArI
5216.8139
5218.2020
5221.2710
5241.0927 ArI
5254.4648
5373.4943 ArI
5410.4730 ArI
5421.3517
5439.9891
5442.2427
5443.6893
5451.6520
5457.4157
5467.1608
5473.4516
5490.1194
5495.8738
5498.1841
5506.1128
5524.9570
5558.7020
5572.5413
5577.6845
5581.8714
5588.7200
5597.4756
5601.1216
5606.7330
5641.3751
5648.6863
5650.7043
5659.1272
5681.9001
5691.6612
5700.8730
5738.3869
5739.5196
5772.1143
5774.0087
5783.5360
5802.0798
5834.2633
5860.3103
5882.6242
5888.5841
5912.0853
5916.5992
5927.1258
5928.8130
5942.6686
5949.2583
5971.6008