4609.5673
4628.4409
4637.2328
4647.970  ArII
4651.124
4657.9012
4682.2759
4702.3161
4721.5910
4726.8683
4732.0532
4735.9058
4752.9388 ArI
4764.8646
4806.0205
4847.8095
4865.9105
4876.2611
4879.8635
4882.2432
4888.2612
4889.0422
4902.101  ArII
4904.7516
4914.3146
4933.2091
4942.9214
4965.0795
4972.1597
5009.3344
5017.1628
5048.8113 ArI
5054.1759 ArI
5062.0371
5087.0840 ArI
5090.4951
5118.2023
5125.7654
5141.7827
5145.3083
5151.3907
5162.2846
5165.7728
5176.2292
5177.535  ArI
5187.7462
5208.0700 ArI
5216.8139
5218.2020
5221.2710
5241.0927 ArI
5254.4648
5373.4943 ArI
5410.4730 ArI
5421.3517
5439.9891
5442.2427
5443.6893
5451.6520
5457.4157
5467.1608
5473.4516
5490.1194
5495.8738
5498.1841
5506.1128
5524.9570
5558.7020
5572.5413
5577.6845