6212.5031
6215.9383
6243.1201
6248.4055 ArI
6296.8722
6307.6570
6333.1459
6357.0229
6364.8937
6369.5748
6384.7169
6396.6097
6399.2065
6403.0128
6416.3071
6418.3703
6431.5550
6437.6003
6441.8994
6443.8598
6466.5526
6468.0483
6472.4294
6481.1453
6483.0825
6493.9694
6499.1061
6538.1120
6604.8534
6620.9665
6632.0837
6638.2207
6639.7403
6643.6976
6656.9386
6660.6761
6664.0510
6666.3588
6677.2817
6684.2929
6698.8740 ArI
6719.2184
6752.8335
6756.1631
6766.6117
6827.2488
6861.2688
6863.5350
6871.2891
6879.5824
6888.1742
6937.6642
6951.4776
6960.2500 ArI
6965.4307
6992.2126 ArI
7030.2514
7067.2181
7125.8200 ArI
7147.0416
7206.9804
7235.3683 ArI
7272.9359