3872.1371
3875.2645
3880.3332
3891.4017
3891.9792
3894.66
3895.2502
3900.6266
3911.576
3914.7675
3925.7188
3926.0456
3928.6233
3931.2359
3932.5466
3944.2717
3946.0971
3947.5046
3948.9789
3952.7291
3958.38
3968.3594
3974.4766
3974.759
3979.3559
3979.7155
3988.1576
3992.0535
3994.7918
3999.252
4001.1379
4005.3628
4011.2093
4013.8566
4019.8429
4022.629
4031.3783
4033.8093
4035.46
4038.8043
4042.8937
4044.4179
4045.6773
4045.9654
4047.4815
4052.9208
4054.5258
4062.641
4063.238
4070.7835
4072.0047
4072.3849
4076.6284
4076.9432
4079.5738
4082.3872
4099.4563
4103.9121
4112.8153
4116.3753
4128.64
4129.6823
4131.7235
4144.2435
4156.086
4158.5905
4164.1795
4168.9682
4178.3658
4179.2973
4181.8836
4189.6511
4190.7129
4191.0294
4198.317
4199.8891
4200.6745
4201.5549
4201.9715
4203.4109
4216.254  ArII
4217.4308
4218.6649
4222.6373
4226.6089
4226.9876
4228.158
4229.8696
4237.2198
4240.826 ArI
4248.956
4251.1846
4255.6034
4259.3619
4266.2864
4266.5271
4272.1689
4277.5282
4282.8976
4297.9645
4300.1008
4300.6495
4309.2392
4331.1995
4332.0297
4333.5612
4335.3379
4337.0708
4338.2314
4345.168
4345.8966
4348.064
4352.2049
4362.0662
4363.7945
4367.8316
4370.7532
4371.329
4372.49
4374.8579
4375.9542
4379.6668
4382.928
4383.7535
4385.0566
4386.9656
4397.7971