4339.22   
 4347.49   
 4358.33   
 4704.3950 
 4708.8593 
 4710.0669 
 4712.0641
 4715.3453 
 4752.7315
 4788.9255 
 4790.2174 
 4837.3126 
 4884.9184 
 4916.07   
 4957.0337 
 5037.7510 
4331.1995
4332.0297
4333.5612
4335.3379
4337.0708
4338.2314
4345.168
4345.8966
4348.064
4352.2049
4362.0662
4363.7945
4367.8316
4370.7532
4371.329
4372.49
4374.8579
4375.9542
4379.6668
4382.928
4383.7535
4385.0566
4386.9656
4397.7971
4400.0968
4400.9863
4401.755
4404.9022
4406.4704
4420.9124
4423.9944
4426.0011
4430.189
4430.9963
4433.838
4438.1175
4439.4614
4439.8793
4440.1216
4445.8483
4448.4597
4448.8792
4449.5206
4460.5574
4471.3762 ArII
4474.7594
4480.35
4481.8107
4490.9816
4498.5384
4502.9268
4507.8339
4509.374
4510.7332
4522.323
4530.5523
4530.785
4535.4903
4537.6426
4543.8692
4545.0519
4547.7589
4554.3240 ArI
4561.0128
4563.7429
4564.4054
4579.3495
4589.8978
4596.0967
4598.7627
4609.5673
4628.4409
4637.2328
4647.970  ArII
4651.124
4657.9012
4682.2759
4702.3161
4721.5910
4726.8683
4732.0532
4735.9058
4752.9388 ArI
4764.8646
4806.0205
4847.8095
4865.9105
4876.2611
4879.8635
4882.2432
4888.2612
4889.0422
4902.101  ArII
4904.7516
4914.3146
4933.2091
4942.9214
4965.0795
4972.1597
5009.3344
5017.1628