5558.7020
5572.5413
5577.6845
5581.8714
5588.7200
5597.4756
5601.1216
5606.7330
5641.3751
5648.6863
5650.7043
5659.1272
5681.9001
5691.6612
5700.8730
5738.3869
5739.5196
5772.1143
5774.0087
5783.5360
5802.0798
5834.2633
5860.3103
5882.6242
5888.5841
5912.0853
5916.5992
5927.1258
5928.8130
5942.6686
5949.2583
5971.6008
5997.1601 ArI
5998.9987
6005.7242
6013.6777
6025.1500
6032.1274
6043.2233
6046.8977
6052.7229
6059.3725
6064.7508
6081.2433
6085.8797
6090.7848
6098.8031
6101.1615
6103.5390
6105.6351
6113.4657
6114.9234
6119.6565
6123.3619
6127.4160
6128.7227
6145.4411
6155.2385
6165.1232
6170.1740
6173.0964
6174.4032
6212.5031
6215.9383
6243.1201
6248.4055 ArI
6296.8722
6307.6570
6333.1459
6357.0229
6364.8937
6369.5748
6384.7169
6396.6097
6399.2065
6403.0128
6416.3071
6418.3703
6431.5550
6437.6003
6441.8994
6443.8598
6466.5526
6468.0483
6472.4294
6481.1453
6483.0825
6493.9694
6499.1061
6538.1120