5656.6587 
 5675.86   
 5689.8161 
 5718.8829 
 5719.2255 
 5748.2990 
 5764.4191 
 5769.60   
 5789.66   
 5790.66   
 5803.78   
 5804.4494 
 5811.4072 
 5820.1558 
 5852.4879 
 5872.8271 
 5881.8952 
 5913.6325 
 5918.9080 
 5944.8342 
 5965.4716 
 5974.6283 
 5975.5340 
 5987.9070 
 6000.9263 
 6029.9969 
 6074.3377 
 6096.1631 
 6128.4499 
 6142.5055 
 6143.0626 
 6150.2980 
 6163.5939 
 6182.1480 
 6205.7782 
 6213.8773 
 6217.2812 
 6246.7281 
 6258.7901 
 6266.4950 
 6293.7458 
 6304.7889 
 6313.6894 
 6328.1653 
 6330.8945 
 6334.4278 
 6351.8564 
 6364.9975 
 6382.9917 
 6401.0763 
 6402.2460 
 6409.7502 
 6421.7070 
 6444.7104 
 6506.5281 
 6532.8822 
