8082.4580 
 8118.5492 
 8128.9108 
 8136.4057 
 8259.3790 
 8266.0772 
 8267.1165 
 8300.3263 
 8365.7485 
 8377.6065 
 8418.4274 
 8463.3575 
 8484.4435 
 8495.3598 
 8544.6958 
 8571.3524 
 8582.9028 
 8591.2587 
 8634.6470 
 8647.0411 
 8654.3831 
 8679.4925 
 8681.9211 
 8704.1116 
 8767.5360 
 8771.6563 
 8780.6210 
 8782.0012 
 8783.7533 
 8792.5050 
 8830.9072 
 8853.8668 
 8865.3063 
 8865.7552 
 8919.5006 
 8988.5564 
 9148.6716 
 9201.7591 
 9220.0583 
 9221.5801 
 9226.6903 
 9275.5196 
 9300.8527 
 9310.5839 
 9313.9726 
 9326.5068 
 9373.3078 
