        OI     230.0    6300.0     -0.03     8.5e5    -0.69    1.4e-8       0.0   9.2e-11      0.67       1.0       0.0    9.0e-5 
       0.0       0.0      21.0       3.0
        OI     330.0     890.0      0.00     1.1e5     -0.57    1.4e-8       0.0   4.3e-11      0.80       2.0       0.0   1.0e-10  
       0.0       0.0      31.0       3.0
        OI      98.0       0.0      0.00       0.0     -0.57    5.0e-9       0.0   1.1e-10      0.44       2.0       1.0   1.7e-5  
       0.0       0.0      32.0       3.0
        OI   23000.0     1.3e6     -0.58     6.6e9     -0.01    5.1e-9      0.57   0.0          0.00       2.0       2.0    6.7e-3 
       0.0       0.0      21.0       2.0
        OI   49000.0     1.8e8     -0.57    6.0e11      0.00    2.5e-9      0.57   0.0          0.00       2.0       0.0    6.7e-2  
       0.0       0.0      21.0       2.0
        OI   26000.0     0.0        0.00    0.0         0.00    5.2e-9      0.57   0.0          0.00       2.0       1.0       1.3 
       0.0       0.0      21.0       2.0
