   0 b0001.f 0   Th-Ar lamp   -1  ARC    3 0.00 0 0 1.00 0 0
   1 b0002.f 1   Th-Ar lamp   -1  ARC    1 0.00 0 0 1.03 0 0
   2 b0003.f 1        EG274   02  STD  200 0.00 0 0 1.03 0 0
   3 b0004.f 1        EG274   02  STD  200 0.00 0 0 1.04 0 0
   4 b0005.f 1         ThAr   -1  ARC    1 0.00 0 0 1.18 0 0
   5 b0006.f 1    Q2000-330   13  OBJ 2400 0.00 0 0 1.18 0 0
   6 b0007.f 1    Q2000-330   13  OBJ 2400 0.00 0 0 1.09 0 0
   7 b0008.f 1         ThAr   -1  ARC    1 0.00 0 0 1.03 0 0
   8 b0009.f 1        EG274   02  STD  200 0.00 0 0 1.21 0 0
   9 b0010.f 1  HE2215m6206   07  OBJ 2400 0.00 0 0 1.40 0 0
  10 b0011.f 1  HE2215m6206   07  OBJ 2400 0.00 0 0 1.31 0 0
  11 b0012.f 1         ThAr   -1  ARC    1 0.00 0 0 1.25 0 0
  12 b0013.f 1      NGC7293   11  STD  300 0.00 0 0 1.11 0 0
  13 b0014.f 1     Feige110   03  STD  200 0.00 0 0 1.37 0 0
  14 b0015.f 1         ThAr   -1  ARC    1 0.00 0 0 1.16 0 0
  15 b0016.f 1  HE2314m3405   08  OBJ 2400 0.00 0 0 1.15 0 0
  16 b0017.f 0  HE2314m3405   -1  OBJ   53 0.00 0 0 1.07 0 0
  17 b0018.f 1  HE2314m3405   08  OBJ 2400 0.00 0 0 1.06 0 0
  18 b0019.f 1         ThAr   -1  ARC    1 0.00 0 0 1.02 0 0
  19 b0020.f 1      NGC7293   11  STD  300 0.00 0 0 1.01 0 0
  20 b0021.f 1     Feige110   03  STD  200 0.00 0 0 1.11 0 0
  21 b0022.f 0         ThAr   -1  ARC    3 0.00 0 0 1.07 0 0
  22 b0023.f 1  HE2348m1444   09  OBJ 2400 0.00 0 0 1.06 0 0
  23 b0024.f 1  HE2348m1444   09  OBJ 2400 0.00 0 0 1.03 0 0
  24 b0025.f 1         ThAr   -1  ARC    1 0.00 0 0 1.04 0 0
  25 b0026.f 1     Feige110   03  STD  200 0.00 0 0 1.12 0 0
  26 b0027.f 1         ThAr   -1  ARC    1 0.00 0 0 1.01 0 0
  27 b0028.f 1    Q0101m304   12  OBJ 2400 0.00 0 0 1.01 0 0
  28 b0029.f 1    Q0101m304   12  OBJ 2400 0.00 0 0 1.00 0 0
  29 b0030.f 1         ThAr   -1  ARC    1 0.00 0 0 1.02 0 0
  30 b0031.f 1         EG21   01  STD  200 0.00 0 0 1.32 0 0
  31 b0032.f 1         ThAr   -1  ARC    1 0.00 0 0 1.20 0 0
  32 b0033.f 1  HE0310m6060   05  OBJ 2400 0.00 0 0 1.20 0 0
  33 b0034.f 0  HE0310m6060   -1  OBJ   96 0.00 0 0 1.18 0 0
  34 b0035.f 1  HE0340m2612   06  OBJ 2400 0.00 0 0 1.02 0 0
  35 b0036.f 1  HE0340m2612   06  OBJ 1500 0.00 0 0 1.00 0 0
  36 b0037.f 1         ThAr   -1  ARC    1 0.00 0 0 1.00 0 0
  37 b0038.f 1         GD71   04  STD  200 0.00 0 0 1.61 0 0
  38 b0039.f 0       HR1996   -1  STD    5 0.00 0 0 1.06 0 0
  39 b0040.f 1       HR1996   10  STD    1 0.00 0 0 1.06 0 0
  40 b0041.f 0        milky   -1 TFLT   10 0.00 0 0 1.15 0 0
  41 b0042.f 1        milky   -1 MFLT    4 0.00 0 0 1.14 0 0
  42 b0043.f 1        milky   -1 MFLT    4 0.00 0 0 1.14 0 0
  43 b0044.f 1        milky   -1 MFLT    4 0.00 0 0 1.14 0 0
  44 b0045.f 1        milky   -1 MFLT    4 0.00 0 0 1.14 0 0
  45 b0046.f 1        milky   -1 MFLT    4 0.00 0 0 1.14 0 0
  46 b0047.f 1        milky   -1 MFLT    4 0.00 0 0 1.14 0 0
  47 b0048.f 1        milky   -1 MFLT    4 0.00 0 0 1.14 0 0
  48 b0049.f 1        milky   -1 MFLT    4 0.00 0 0 1.13 0 0
  49 b0050.f 1        milky   -1 MFLT    4 0.00 0 0 1.13 0 0
  50 b0051.f 1        milky   -1 MFLT    4 0.00 0 0 1.13 0 0
  51 b0052.f 1        milky   -1 MFLT    4 0.00 0 0 1.13 0 0
  52 b0053.f 1         ThAr   -1  ARC    1 0.00 0 0 1.00 0 0
  53 b0054.f 0     Internal   -1 TFLT    5 0.00 0 0 1.00 0 0
  54 b0055.f 1     Internal   -1 TFLT   20 0.00 0 0 1.00 0 0
  55 b0056.f 1     Internal   -1 TFLT   20 0.00 0 0 1.00 0 0
  56 b0057.f 1     Internal   -1 TFLT   20 0.00 0 0 1.00 0 0
  57 b0058.f 1     Internal   -1 TFLT   20 0.00 0 0 1.00 0 0
  58 b0059.f 1     Internal   -1 TFLT   20 0.00 0 0 1.00 0 0
  59 b0060.f 1     Internal   -1 TFLT   20 0.00 0 0 1.00 0 0
  60 b0061.f 1     Internal   -1 TFLT   20 0.00 0 0 1.00 0 0
  61 b0062.f 1     Internal   -1 TFLT   20 0.00 0 0 1.00 0 0
  62 b0063.f 1     Internal   -1 TFLT   20 0.00 0 0 1.00 0 0
  63 b0064.f 1     Internal   -1 TFLT   20 0.00 0 0 1.00 0 0
  64 b0065.f 1     Internal   -1 TFLT   20 0.00 0 0 1.00 0 0
  65 b0066.f 0         Bias   -1  ZRO    0 0.00 0 0 1.00 0 0
  66 b0067.f 0         Bias   -1  ZRO    0 0.00 0 0 1.00 0 0
  67 b0068.f 0         Bias   -1  ZRO    0 0.00 0 0 1.00 0 0
  68 b0069.f 0         Bias   -1  ZRO    0 0.00 0 0 1.00 0 0
  69 b0070.f 0         Bias   -1  ZRO    0 0.00 0 0 1.00 0 0
  70 b0071.f 0         Bias   -1  ZRO    0 0.00 0 0 1.00 0 0
  71 b0072.f 0         Bias   -1  ZRO    0 0.00 0 0 1.00 0 0
  72 b0073.f 0         Bias   -1  ZRO    0 0.00 0 0 1.00 0 0
  73 b0074.f 0         Bias   -1  ZRO    0 0.00 0 0 1.00 0 0
  74 b0075.f 0         Bias   -1  ZRO    0 0.00 0 0 1.00 0 0
  75 b0076.f 0         Bias   -1  ZRO    0 0.00 0 0 1.00 0 0
  76 r0001.f 0   Th-Ar lamp   -1  ARC    3 0.00 0 0 1.00 0 0
  77 r0002.f 1   Th-Ar lamp   -1  ARC    3 0.00 0 0 1.03 0 0
  78 r0003.f 1        EG274   02  STD  200 0.00 0 0 1.03 0 0
  79 r0004.f 1        EG274   02  STD  200 0.00 0 0 1.04 0 0
  80 r0005.f 1         ThAr   -1  ARC    3 0.00 0 0 1.18 0 0
  81 r0006.f 1    Q2000-330   13  OBJ 2400 0.00 0 0 1.18 0 0
  82 r0007.f 1    Q2000-330   13  OBJ 2400 0.00 0 0 1.09 0 0
  83 r0008.f 1         ThAr   -1  ARC    3 0.00 0 0 1.03 0 0
  84 r0009.f 1        EG274   02  STD  200 0.00 0 0 1.21 0 0
  85 r0010.f 1  HE2215m6206   07  OBJ 2400 0.00 0 0 1.40 0 0
  86 r0011.f 1  HE2215m6206   07  OBJ 2400 0.00 0 0 1.31 0 0
  87 r0012.f 1         ThAr   -1  ARC    3 0.00 0 0 1.25 0 0
  88 r0013.f 1      NGC7293   11  OBJ  300 0.00 0 0 1.11 0 0
  89 r0014.f 1     Feige110   03  STD  200 0.00 0 0 1.37 0 0
  90 r0015.f 1         ThAr   -1  ARC    3 0.00 0 0 1.16 0 0
  91 r0016.f 1  HE2314m3405   08  OBJ 2400 0.00 0 0 1.15 0 0
  92 r0017.f 0  HE2314m3405   -1  OBJ   53 0.00 0 0 1.07 0 0
  93 r0018.f 1  HE2314m3405   08  OBJ 2400 0.00 0 0 1.06 0 0
  94 r0019.f 1         ThAr   -1  ARC    3 0.00 0 0 1.02 0 0
  95 r0020.f 1      NGC7293   11  OBJ  300 0.00 0 0 1.01 0 0
  96 r0021.f 1     Feige110   03  STD  200 0.00 0 0 1.11 0 0
  97 r0022.f 0         ThAr   -1  ARC    1 0.00 0 0 1.07 0 0
  98 r0023.f 1  HE2348m1444   09  OBJ 2400 0.00 0 0 1.06 0 0
  99 r0024.f 1  HE2348m1444   09  OBJ 2400 0.00 0 0 1.03 0 0
 100 r0025.f 1         ThAr   -1  ARC    3 0.00 0 0 1.04 0 0
 101 r0026.f 1     Feige110   03  STD  200 0.00 0 0 1.12 0 0
 102 r0027.f 1         ThAr   -1  ARC    3 0.00 0 0 1.01 0 0
 103 r0028.f 1    Q0101m304   12  OBJ 2400 0.00 0 0 1.01 0 0
 104 r0029.f 1    Q0101m304   12  OBJ 2400 0.00 0 0 1.00 0 0
 105 r0030.f 1         ThAr   -1  ARC    3 0.00 0 0 1.02 0 0
 106 r0031.f 1         EG21   01  STD  200 0.00 0 0 1.32 0 0
 107 r0032.f 1         ThAr   -1  ARC    3 0.00 0 0 1.20 0 0
 108 r0033.f 1  HE0310m6060   05  OBJ 2400 0.00 0 0 1.20 0 0
 109 r0034.f 0  HE0310m6060   -1  OBJ   95 0.00 0 0 1.18 0 0
 110 r0035.f 1  HE0340m2612   06  OBJ 2400 0.00 0 0 1.02 0 0
 111 r0036.f 1  HE0340m2612   06  OBJ 1500 0.00 0 0 1.00 0 0
 112 r0037.f 1         ThAr   -1  ARC    3 0.00 0 0 1.00 0 0
 113 r0038.f 1         GD71   04  OBJ  200 0.00 0 0 1.61 0 0
 114 r0039.f 0       HR1996   -1  STD    5 0.00 0 0 1.06 0 0
 115 r0040.f 1       HR1996   10  STD    1 0.00 0 0 1.06 0 0
 116 r0041.f 0        milky   -1 MFLT   10 0.00 0 0 1.15 0 0
 117 r0042.f 1        milky   -1 MFLT   10 0.00 0 0 1.14 0 0
 118 r0043.f 1        milky   -1 MFLT   10 0.00 0 0 1.14 0 0
 119 r0044.f 1        milky   -1 MFLT   10 0.00 0 0 1.14 0 0
 120 r0045.f 1        milky   -1 MFLT   10 0.00 0 0 1.14 0 0
 121 r0046.f 1        milky   -1 MFLT   10 0.00 0 0 1.14 0 0
 122 r0047.f 1        milky   -1 MFLT   10 0.00 0 0 1.13 0 0
 123 r0048.f 1        milky   -1 MFLT   10 0.00 0 0 1.13 0 0
 124 r0049.f 1        milky   -1 MFLT   10 0.00 0 0 1.13 0 0
 125 r0050.f 1        milky   -1 MFLT   10 0.00 0 0 1.13 0 0
 126 r0051.f 1        milky   -1 MFLT   10 0.00 0 0 1.13 0 0
 127 r0052.f 1        milky   -1 MFLT   10 0.00 0 0 1.13 0 0
 128 r0053.f 1         ThAr   -1  ARC    3 0.00 0 0 1.00 0 0
 129 r0054.f 0     Internal   -1 MFLT    5 0.00 0 0 1.00 0 0
 130 r0055.f 1     Internal   -1 TFLT   10 0.00 0 0 1.00 0 0
 131 r0056.f 1     Internal   -1 TFLT   10 0.00 0 0 1.00 0 0
 132 r0057.f 1     Internal   -1 TFLT   10 0.00 0 0 1.00 0 0
 133 r0058.f 1     Internal   -1 TFLT   10 0.00 0 0 1.00 0 0
 134 r0059.f 1     Internal   -1 TFLT   10 0.00 0 0 1.00 0 0
 135 r0060.f 1     Internal   -1 TFLT   10 0.00 0 0 1.00 0 0
 136 r0061.f 1     Internal   -1 TFLT   10 0.00 0 0 1.00 0 0
 137 r0062.f 1     Internal   -1 TFLT   10 0.00 0 0 1.00 0 0
 138 r0063.f 1     Internal   -1 TFLT   10 0.00 0 0 1.00 0 0
 139 r0064.f 1     Internal   -1 TFLT   10 0.00 0 0 1.00 0 0
 140 r0065.f 1     Internal   -1 TFLT   10 0.00 0 0 1.00 0 0
 141 r0066.f 0         Bias   -1  ZRO    0 0.00 0 0 1.00 0 0
 142 r0067.f 0         Bias   -1  ZRO    0 0.00 0 0 1.00 0 0
 143 r0068.f 0         Bias   -1  ZRO    0 0.00 0 0 1.00 0 0
 144 r0069.f 0         Bias   -1  ZRO    0 0.00 0 0 1.00 0 0
 145 r0070.f 0         Bias   -1  ZRO    0 0.00 0 0 1.00 0 0
 146 r0071.f 0         Bias   -1  ZRO    0 0.00 0 0 1.00 0 0
 147 r0072.f 0         Bias   -1  ZRO    0 0.00 0 0 1.00 0 0
 148 r0073.f 0         Bias   -1  ZRO    0 0.00 0 0 1.00 0 0
 149 r0074.f 0         Bias   -1  ZRO    0 0.00 0 0 1.00 0 0
 150 r0075.f 0         Bias   -1  ZRO    0 0.00 0 0 1.00 0 0
 151 r0076.f 0         Bias   -1  ZRO    0 0.00 0 0 1.00 0 0
